"","a","sigma","N_0","sigma_obs","z","d","b","c","e","f","sigma2","loglik","loglik.se.se"
"1",0.0656294641917209,-1.28671693752184,0.111171454467042,-0.327839999408078,0.992797431402256,0,0,0.0839385134118047,0,0,0,-49.6736805422348,0.0147017511327884
"2",0.0688663092533439,1.27408087220705,0.126946378510634,0.305839261891442,0.866303235883745,0,0,0.0847313403444691,0,0,0,-49.0972493641807,0.061395525472255
"3",0.0469238929509238,1.20643642995532,0.120287150113263,-0.299919512553798,1.11050021968869,0,0,0.0594711151476363,0,0,0,-48.7437814645763,0.0363304290867839
"4",0.0590936518970117,0.804780192134116,0.0130284543428974,0.394001369317128,1.2823405649631,0,0,0.076498447963154,0,0,0,-45.8360666947825,0.0124140607131441
"5",0.0660358077852909,1.12171229745319,0.115938274290729,0.324493037537706,1.14603243476412,0,0,0.0816779880517088,0,0,0,-48.1585690270849,0.0187389233746311
"6",0.059138817393072,1.03864473908755,0.093318725550172,-0.313081237434375,1.23205548537473,0,0,0.0763761323278929,0,0,0,-47.3835290237564,0.0295990542260967
"7",0.0577059494214587,0.820594772721471,0.00704561883965361,0.403240718334583,1.24965733461965,0,0,0.0745088447230567,0,0,0,-45.7724223949479,0.0110930646422707
"8",0.0584185494336693,1.05905557236496,0.114705942832682,-0.329553250705529,1.15943924667235,0,0,0.0776286169817865,0,0,0,-47.0461393841411,0.0233109651401526
"9",0.0517495372068628,1.11886869962679,0.11664525532935,0.310396289249577,1.20260336866181,0,0,0.0664370780694452,0,0,0,-47.4134361544496,0.0252884260998771
"10",0.0644630640691649,-1.31745662266414,0.0912274001265064,-0.323036937743463,0.89652909980116,0,0,0.0829950427532042,0,0,0,-49.5848137181435,0.0220995929673374
"11",0.0601139130517735,-0.780142736139977,0.000151555565644681,0.385489140052245,1.25432377727618,0,0,0.0812928703147748,0,0,0,-45.8049825262895,0.0199307181847776
"12",0.0732944805692719,-0.86080644575231,0.0228248039999731,0.404266961091108,1.08979863521038,0,0,0.0937384102899222,0,0,0,-46.6422595398912,0.0151845715531114
"13",0.0720973407768287,-0.784355726098732,0.013251258273786,0.408370082323862,1.1875967755016,0,0,0.0918865292168072,0,0,0,-45.7406956401151,0.0132011912141273
"14",0.0575956132385111,0.751979602534018,0.0111113106504095,0.391966281999381,1.29381523229678,0,0,0.0711104585398703,0,0,0,-45.7096871704408,0.0204683909030602
"15",0.041807126549552,-1.14563532856691,0.104564213842448,0.329284233915427,1.08024299718467,0,0,0.055132268133005,0,0,0,-48.8278144960682,0.028533834146133
"16",0.0670326952972377,-1.05162852406901,0.149198996413053,0.327423109676239,1.14219386216572,0,0,0.0877400419300094,0,0,0,-47.8794127921819,0.0237941898342622
"17",0.0484998502058548,1.01874976780172,0.119161957025514,0.317416813625399,1.21466105659127,0,0,0.0655833346058464,0,0,0,-46.8612119987677,0.0386778496540914
"18",0.0618753532123282,0.761128141528672,-8.34762954196309e-05,0.402326080082309,1.22913638894073,0,0,0.0796408468321512,0,0,0,-45.3851285153461,0.0179148822298949
"19",0.0532176191490275,0.896049083083966,0.104013288690913,0.324574643765093,1.2517862777548,0,0,0.0684895966333384,0,0,0,-47.8891232359512,0.0791851354189286
"20",0.0771805107079602,-1.3354586326264,0.125696199318321,-0.320001304428395,0.895081994009043,0,0,0.0982757399508436,0,0,0,-49.8141693951881,0.0181753613901321
"21",0.0492595828026006,-1.1141378572085,0.109480745736469,0.306628522918444,1.27223531416464,0,0,0.0625030586373816,0,0,0,-48.2020127220651,0.0231938341917188
"22",0.0521709651713884,-1.21207354934264,0.115038312361312,-0.313413098666198,1.11310255149615,0,0,0.0681914479004984,0,0,0,-48.3463990899094,0.0205566323633391
"23",0.0731753543942807,1.09998984315501,0.142314303186632,-0.31977414627526,0.992305274453991,0,0,0.0889358143091515,0,0,0,-48.4042200423563,0.0543336126273085
"24",0.065978300419083,1.24419313557245,0.124485538837109,0.314881161543397,1.04631457788181,0,0,0.0853400112645832,0,0,0,-48.8179623649498,0.0182665447091395
"25",0.0359046018169369,1.11257306022292,0.116508196386754,0.311449726927227,1.21268556811942,0,0,0.0469577194438293,0,0,0,-48.7883241201842,0.0338860208149463
"26",0.0554154267295409,-1.10129872253914,0.127099767362529,-0.319769520476727,1.19809214491156,0,0,0.0741883835166059,0,0,0,-47.7627053790967,0.0198150960935788
"27",0.0672060708443093,1.24883841373682,0.118261718502693,0.323298586062022,0.877516301050538,0,0,0.0920031520757457,0,0,0,-48.3568900074152,0.0306773256109205
"28",0.0592947416875503,-0.771994964041777,-0.00176200576146842,0.39859196153517,1.24419275286652,0,0,0.0788869643379812,0,0,0,-45.2073587461155,0.0163721366034473
"29",0.0518066096195721,-0.746334284522009,0.00847594904725926,0.407716443776191,1.27862291032058,0,0,0.0667230899130256,0,0,0,-45.3772505227062,0.0166091117195055
"30",0.0523831892258335,0.729312107538492,0.00419583919043237,0.41638095528789,1.27398164016705,0,0,0.0675274010482683,0,0,0,-45.662653651187,0.015313123688166
"31",0.0774090264229427,-1.47233420591143,0.121198135188114,-0.329856259706092,0.797661774714868,0,0,0.103174616857192,0,0,0,-52.0242448121367,0.0119898758611138
"32",0.0651821096092132,-1.56701185187963,0.124346610491605,0.304648008181951,0.666216012140109,0,0,0.0893707540269583,0,0,0,-50.768337153007,0.0350238596127925
"33",0.0744458436400669,-0.764519283899745,0.0261736120232163,0.402814182607239,1.16052740189392,0,0,0.0912193461333289,0,0,0,-46.291751354447,0.021751734256826
"34",0.0653178141814452,-1.1214810089228,0.125905075848924,-0.334387485014252,1.10210778800972,0,0,0.0844094256368544,0,0,0,-47.8353815110454,0.0166658622369583
"35",0.0715920904417187,1.20903356437777,0.104803600891988,-0.296681743298159,1.02803572031936,0,0,0.0899098610613771,0,0,0,-48.7629479179109,0.0404731452350505
"36",0.0552868613846909,1.18140961637351,0.135318596024581,0.306210354465116,1.17733996969877,0,0,0.0728406684809965,0,0,0,-48.8028277212744,0.0206310472562589
"37",0.0595206165186027,-0.78310284324315,0.00583208887441756,-0.400745425179001,1.24721295216171,0,0,0.075368488306493,0,0,0,-45.3397999609908,0.0159613229621262
"38",0.0454305467015354,1.03074334100317,0.12622866483575,0.322009526041054,1.29456923156711,0,0,0.0579239477329958,0,0,0,-47.6954255440969,0.0233273507316712
"39",0.0532271817872368,1.02675295564116,0.108279103900707,-0.344475390120718,1.24709184462841,0,0,0.0692966296588579,0,0,0,-47.7323518227658,0.0138923909896178
"40",0.0658012361269587,-1.09811442257547,0.0972611106192536,-0.335488716447947,1.08979622885416,0,0,0.0900273269955657,0,0,0,-48.2746852669565,0.0174683492840829
