"","a","sigma","N_0","sigma_obs","z","d","b","c","e","f","sigma2","loglik","loglik.se.se"
"1",0.003515625,-1.08758759156316,0.121207843805462,0.355039315310136,1.2938537782608,0,0,0.0274359919764055,0,0,0,-57.3189467645482,0.00998379925914609
"2",0.153515625,0.844177153380889,0.0064082291422874,0.449076154994317,0.973780945866459,0,0,-0.024866436987787,0,0,0,-54.0052009549166,0.00475878893581671
"3",0.228515625,0.909570525467467,0.0368540765317157,-0.462929549680875,0.797113166589903,0,0,-0.0607025847096405,0,0,0,-63.3096648751288,0.00505330199800339
"4",0.078515625,-1.04643509011326,0.1155298061633,-0.316156417189293,1.17132244568526,0,0,-0.00161761223400212,0,0,0,-48.6309150442652,0.0253962724575534
"5",0.116015625,0.812116647164977,0.0206550317324742,0.413730580662149,1.07049962069446,0,0,-0.0163562385954621,0,0,0,-49.4184638614669,0.0101345873341434
"6",0.266015625,-0.972953006368091,0.0294354981214602,-0.478202929834102,0.71245614063861,0,0,-0.0758287581783339,0,0,0,-68.513572733753,0.00416060717997494
"7",0.191015625,0.989379708747951,0.013141968476757,-0.44245991947502,0.797657029453805,0,0,-0.047213632047729,0,0,0,-59.0436937965485,0.0067004239429927
"8",0.041015625,-1.04524598112774,0.167648367874,-0.322313989290766,1.17529654394019,0,0,0.00374049696890544,0,0,0,-49.4779988764872,0.0391055263744835
"9",0.059765625,-1.27583813065661,0.115521312580278,-0.293579029024944,1.03907393382998,0,0,-0.00535216101813937,0,0,0,-49.8396920637513,0.0358055296953784
"10",0.209765625,-0.894761367249512,0.0335734538001825,-0.447078001639677,0.864197015587592,0,0,-0.0525653547940861,0,0,0,-61.0003965543446,0.005340725398603
"11",0.284765625,0.919998373570531,0.0299886480962439,-0.500313080651603,0.743722295335591,0,0,-0.0870072192043255,0,0,0,-71.0835453467715,0.00311664851315092
"12",0.134765625,-0.854754662219115,0.0359961015567925,-0.417649514386928,1.0140750171554,0,0,-0.0314819811108441,0,0,0,-51.7312999466069,0.0102440002002268
"13",0.097265625,1.15618719967294,0.117591722307544,0.327714507585445,1.14608225891084,0,0,-0.000774756675485618,0,0,0,-53.7508151154483,0.00948322621161666
"14",0.247265625,0.951228455168565,0.0556001582311774,-0.461642697023984,0.735869486304772,0,0,-0.0738582958323862,0,0,0,-66.1514580190386,0.00606756617564327
"15",0.172265625,-0.92780014619561,0.0351100052549506,-0.451312730139487,0.812114437449859,0,0,-0.0296484552483588,0,0,0,-56.5690347358001,0.00615379572210023
"16",0.022265625,-1.19737487439014,0.13233767934015,-0.307199654681444,1.26127907612421,0,0,0.0240899590137271,0,0,0,-54.5261723526297,0.0143717357407475
"17",0.031640625,1.36844719462617,0.142538409449446,0.318198379432389,0.868453173828233,0,0,0.0164408568909213,0,0,0,-52.6700974024027,0.0262632388014854
"18",0.181640625,-0.915114962762609,0.00216152206366011,-0.443040731230953,0.813057170872141,0,0,-0.0387792459047964,0,0,0,-57.6516797952535,0.0078387755137049
"19",0.256640625,0.951065228344007,0.024059132712515,-0.480091177693742,0.736556652522854,0,0,-0.073229374954856,0,0,0,-67.2044255576992,0.00409130176345234
"20",0.106640625,-0.861974441211191,0.0362745452912931,0.384002917247934,1.03134732343825,0,0,-0.00825031626750809,0,0,0,-49.250983372567,0.0204398052503281
"21",0.144140625,0.833723737988907,0.00846822793464375,-0.414702434762774,0.959837173361902,0,0,-0.00932946397639977,0,0,0,-53.469542497489,0.00896587156652445
"22",0.294140625,0.938121316980503,0.0359669366186418,0.495613485239745,0.72715566309779,0,0,-0.0846541413342856,0,0,0,-72.4357268671131,0.00297768398418579
"23",0.219140625,0.897175543799025,0.0112615664814598,0.459529402467269,0.823452726712926,0,0,-0.0513510934571522,0,0,0,-62.1713330750721,0.0047408964957093
"24",0.069140625,1.2403046054886,0.119938760628684,0.322156548377789,1.11005978927088,0,0,-0.00107798011133191,0,0,0,-50.3179713542466,0.0122582575199677
"25",0.050390625,0.799602693191385,0.000275231750615076,0.390894443113557,1.3916285814514,0,0,-0.000915055685530162,0,0,0,-46.3167189019407,0.0103586742265268
"26",0.200390625,0.938001439346047,0.0385636304098173,-0.447465136531886,0.851281167425731,0,0,-0.0620340471925452,0,0,0,-60.1725797068653,0.00695934104243057
"27",0.275390625,-0.976020795706228,0.0163567453767957,0.484217989977741,0.758939813432272,0,0,-0.077585901208446,0,0,0,-70.2884661256484,0.00313671165282717
"28",0.125390625,-0.845888913073278,0.046977811983101,-0.4154241299519,1.00216939920419,0,0,-0.023898447761705,0,0,0,-50.6021260574587,0.0121013597307034
"29",0.087890625,0.867197356795527,0.0138638675285103,0.416811237350686,1.0652222008458,0,0,-0.00800046108717317,0,0,0,-47.5874719314053,0.0104911192429583
"30",0.237890625,-0.887264039136994,0.0444679243187449,0.482535458760035,0.799097221243432,0,0,-0.063443165879954,0,0,0,-64.7117899140866,0.00368762440338699
"31",0.162890625,-0.88450875669719,0.0120519947698629,0.4409629300621,0.881081796911921,0,0,-0.0310534414479822,0,0,0,-54.8623504954287,0.00712527574007861
"32",0.012890625,1.35978731907013,0.128926933297195,-0.305461321723502,1.09911634518373,0,0,0.0353030573328897,0,0,0,-57.9968983784927,0.0116736803713624
"33",0.017578125,0.942900433174001,0.112830158707086,-0.331935128962753,1.37648658726711,0,0,0.00879680789466952,0,0,0,-51.3764664159769,0.031108076600513
"34",0.167578125,-0.870971650468364,-0.00162202011669466,-0.437682499374565,0.913040375332913,0,0,-0.0357052700703072,0,0,0,-55.618919461739,0.00711658048763942
"35",0.242578125,0.915959075921492,0.0473129972969398,-0.476125624755929,0.767319008912036,0,0,-0.0601926567948617,0,0,0,-65.3524151293673,0.00391733978138947
"36",0.092578125,-1.15480677267675,0.11432387832246,0.359207503446953,0.877892302601187,0,0,-0.00367782872789333,0,0,0,-49.7679035987538,0.0169085445544622
"37",0.130078125,0.809628914544197,-0.00234244172436886,-0.422567697201118,1.0379838133818,0,0,-0.0167821711064409,0,0,0,-51.0961102368461,0.00804795382903024
"38",0.280078125,-0.94254498122488,0.0535768611322275,-0.485763911791722,0.714340712605028,0,0,-0.0845853756978079,0,0,0,-70.4342270721815,0.00395927893410656
"39",0.205078125,-0.869558856122788,0.0150742016906439,-0.453753401582691,0.837265288003095,0,0,-0.0462315284779452,0,0,0,-60.2644761142998,0.0055872918768858
"40",0.055078125,-1.14315037308456,0.114423345079002,-0.332561432448306,1.13413930158932,0,0,0.000516430268313323,0,0,0,-48.1479728089626,0.0156225952339985
"41",0.073828125,-1.20431029206596,0.0900063018365127,-0.338221490580436,1.08109780323791,0,0,-0.00177765217927309,0,0,0,-50.66589638402,0.0104724826826323
"42",0.223828125,-0.85738392492178,0.0363177867336833,-0.466693859624225,0.859668989781218,0,0,-0.0540521688860269,0,0,0,-63.050518744122,0.00385084423188225
"43",0.298828125,0.95649639579427,0.0527149005294073,-0.508259118245155,0.702322368324381,0,0,-0.0922793643876043,0,0,0,-72.9517845233472,0.0028624205392077
"44",0.148828125,0.893420810863154,0.0428078013093123,-0.424324314743422,0.935915746530195,0,0,-0.0293587597547079,0,0,0,-53.1621768833509,0.00841832357554592
"45",0.111328125,1.241955891223,0.168850690344382,0.342487475739968,0.878342424839709,0,0,-0.00933925411112122,0,0,0,-54.0269996766274,0.0133582480558122
"46",0.261328125,0.923940390960072,0.0563027359728107,0.477454214072799,0.742309959689609,0,0,-0.0686787740467522,0,0,0,-68.0123601580922,0.00386324465413498
"47",0.186328125,-0.876704093370676,0.0243958116785976,0.464510719072861,0.870424238505123,0,0,-0.0401885146233395,0,0,0,-57.9650897054922,0.00454423183335405
"48",0.036328125,-1.19670202881563,0.149265133607081,-0.30914507874708,1.15210063705811,0,0,0.0045200799260204,0,0,0,-50.8004015571205,0.0246463292133904
"49",0.026953125,0.982830624854593,0.155014850860281,-0.371421774612323,1.25677348214576,0,0,0.0063791291348963,0,0,0,-52.9719172595796,0.0137695823355418
"50",0.176953125,-0.898037117713332,0.0586912704590369,0.425909535027881,0.835076121875949,0,0,-0.0341970405258475,0,0,0,-57.0937150305133,0.0100589974094401
"51",0.251953125,1.00144027370375,0.0459761820252085,-0.476895670521359,0.707209833017302,0,0,-0.0725704993982647,0,0,0,-66.7597132520378,0.00434293306204551
"52",0.101953125,0.857617547571386,-0.0170183287474958,-0.409639463261633,1.02357801092299,0,0,-0.00590917194637509,0,0,0,-48.7297358560392,0.0123498921393174
"53",0.139453125,0.900120438096462,0.034912713409144,-0.427947118466514,0.90616026853155,0,0,-0.027995220170636,0,0,0,-52.4121094497805,0.0100183328597705
"54",0.289453125,0.9536670468698,0.0431554285113613,-0.487659635911542,0.720425224875329,0,0,-0.0894344784873136,0,0,0,-71.7144994527472,0.00360606309764669
"55",0.214453125,-0.919164548899589,0.0508710388947661,-0.446993818227246,0.81406804699,0,0,-0.0595909668251732,0,0,0,-61.5517325626053,0.00691290744597797
"56",0.064453125,1.0123644265183,0.115080059808948,0.33221429598131,1.43438332985077,0,0,-0.00554587994139671,0,0,0,-51.1611324455059,0.0105387251593488
"57",0.045703125,-0.93278499818233,0.0510180189607308,-0.363696297319459,1.20085941700524,0,0,0.00210939802759834,0,0,0,-48.3359219217975,0.0217718532129358
"58",0.195703125,-0.906019087207642,0.0193146474022798,0.450663781031203,0.842933702977556,0,0,-0.0462507623548799,0,0,0,-58.9594904270016,0.00575559470463575
"59",0.270703125,0.969060116776844,0.0413975648180066,0.484383384496214,0.724892420182603,0,0,-0.0805505606239742,0,0,0,-69.1065514588893,0.00373228438079334
"60",0.120703125,-0.827473044022094,0.0209101244523346,-0.42156757461952,1.03302037361156,0,0,-0.0139864471160082,0,0,0,-49.8459562817293,0.00843285495581752
"61",0.083203125,-0.831284134175392,0.00848123328779967,0.394590221484697,1.17817979798691,0,0,-0.0134487074817547,0,0,0,-47.6134248525393,0.0146858337579637
"62",0.233203125,-0.89098196489879,0.030654250512359,0.476346859919884,0.813582356853694,0,0,-0.0646504945342165,0,0,0,-64.0271648002924,0.0041097687885371
"63",0.158203125,0.919419554510507,0.0383425062817096,-0.429021831759129,0.984917901116935,0,0,-0.0375296129527567,0,0,0,-55.2211311292169,0.00578208789373882
"64",0.008203125,0.905031396926639,0.0770987445699438,0.377681638482513,1.35178564940597,0,0,0.0162570976142546,0,0,0,-54.7358005067729,0.015329722921407
"65",0.005859375,1.0498616420097,0.108118622867506,0.317538625178067,1.40365844348239,0,0,0.0145546836025406,0,0,0,-55.3268515015601,0.0224034529421926
"66",0.155859375,-0.798391707391423,0.0127669274618729,0.439552331942304,0.990047070171079,0,0,-0.0305314488952114,0,0,0,-54.1494769733857,0.00664133107499569
"67",0.230859375,0.904901895251324,0.0250447858941022,-0.468837970107411,0.789684239011182,0,0,-0.0579219160693042,0,0,0,-63.6380198351,0.00449794296383499
"68",0.080859375,-1.32581844371664,0.0898284923963092,0.341626672688931,0.885252075078368,0,0,0.002697781739875,0,0,0,-51.8265288763808,0.0112609063797302
"69",0.118359375,0.948083642559049,0.00197541768889918,-0.41999685533637,0.92296384371335,0,0,-0.0137676020655169,0,0,0,-50.8826417346361,0.00893817623558185
"70",0.268359375,-0.932111408093741,0.0298403861971752,-0.493600470672182,0.752204606567728,0,0,-0.077728961473408,0,0,0,-68.826039393233,0.00316647464162969
"71",0.193359375,-0.954890000750123,0.0350595544578079,-0.456341074674619,0.805196136542889,0,0,-0.0376251360702709,0,0,0,-59.1156500424557,0.00474208078375806
"72",0.043359375,1.19173273892754,0.126792028794008,-0.31906827151241,1.18879845711256,0,0,0.000590464357568599,0,0,0,-49.609595193541,0.0165049043788812
"73",0.062109375,1.06791364281384,0.140615043521416,-0.330281172981958,1.02214710909887,0,0,-0.00624436496137759,0,0,0,-48.4438862607847,0.0569901985956161
"74",0.212109375,-0.9266402173738,0.00611124717607487,-0.464732541367064,0.808314658402581,0,0,-0.0492183216915616,0,0,0,-61.3358261820863,0.0044759676040805
"75",0.287109375,0.96629688990041,0.0147779673683695,-0.499167578142448,0.682274683083114,0,0,-0.0790594595296101,0,0,0,-71.4297845865815,0.00317396258819841
"76",0.137109375,-0.847877840958239,0.031098715732296,-0.420230446008663,0.97897961981949,0,0,-0.0248492997972369,0,0,0,-51.6307223720213,0.0097975310165095
"77",0.099609375,-0.839543523986897,-0.000729590639313898,0.409649933082885,1.07994609092118,0,0,0.00158009873121467,0,0,0,-48.3941929892272,0.00909284409414936
"78",0.249609375,0.90885977249468,0.0342410696502962,0.473420484439626,0.798191137141934,0,0,-0.0704650460935098,0,0,0,-66.3050063212948,0.00394482039200073
"79",0.174609375,0.964602158801271,0.0517325693817563,0.410225991224668,0.88709241077019,0,0,-0.0461687749487458,0,0,0,-57.1295683702565,0.0102636548744937
"80",0.024609375,-1.07853075502476,0.0911318714371073,0.327406920007094,1.23397135061711,0,0,0.0132923645449053,0,0,0,-51.1019847993015,0.0206043140991699
"81",0.033984375,0.965717629986978,0.10207004734399,0.31489285306485,1.44749496880055,0,0,0.00860421658798212,0,0,0,-49.9911346765996,0.0225777084242218
"82",0.183984375,0.860379218305682,0.0401424793110748,0.446065060283873,0.880311832377025,0,0,-0.0419236849673762,0,0,0,-57.4274832243456,0.00654029041820445
"83",0.258984375,-0.919132084993758,0.00837562561957912,0.482646744646399,0.747461489996014,0,0,-0.0680338899897314,0,0,0,-67.6000556192421,0.00371539609207337
"84",0.108984375,-0.812495958455634,0.0157212921941427,0.4154100124584,0.992585667188144,0,0,-0.0123481140145342,0,0,0,-49.0907418787435,0.0171517267931561
"85",0.146484375,0.89803246147716,0.0370723847502714,0.413065478944196,0.886677444075763,0,0,-0.0293716780825831,0,0,0,-53.197392346388,0.0145445231176764
"86",0.296484375,-0.990340211974127,0.032799553645715,-0.49611591122629,0.698590328498158,0,0,-0.0988555930491105,0,0,0,-72.7310816229426,0.00351900794407118
"87",0.221484375,-0.937638924075741,0.033603713478671,0.461626029028113,0.79865892830894,0,0,-0.0521782808791539,0,0,0,-62.5039963500542,0.00441671086791042
"88",0.071484375,-1.20376426166551,0.108385686388444,0.324478651836327,0.99917518961032,0,0,-0.0116423422745835,0,0,0,-50.1873986262095,0.0252653611347692
"89",0.052734375,-0.994654981425983,0.0895816677183588,0.323148810428564,1.28595631194911,0,0,-0.00381272886555636,0,0,0,-48.1053579451909,0.0284528511219254
"90",0.202734375,-0.878391362913558,0.00987782490450772,0.446134525691422,0.818822724148879,0,0,-0.0484521782333062,0,0,0,-60.2566381272689,0.00749271014665325
"91",0.277734375,-0.904246423004402,0.0393881209493648,-0.494338254785175,0.75905330706634,0,0,-0.083572154984514,0,0,0,-70.1430900584234,0.00328014292193682
"92",0.127734375,-0.88752343279736,0.0505518674426635,0.424046432042995,0.969783989129173,0,0,-0.0218988124760307,0,0,0,-51.1684079205789,0.00865881469416585
"93",0.090234375,-1.21908682414412,0.121300962586764,-0.33609813142499,0.75057336353682,0,0,-0.0117165438735424,0,0,0,-51.6758833141282,0.0810337392565597
"94",0.240234375,0.920941071127528,0.00972666701892822,0.475316961051403,0.798359965077845,0,0,-0.0642608205875411,0,0,0,-65.1022728310907,0.00386124290901992
"95",0.165234375,-0.847880642237498,0.0715860399466129,0.443739461278014,0.907625821344638,0,0,-0.0354964031841607,0,0,0,-55.6213680270694,0.00700315413776757
"96",0.015234375,-1.67398762242544,0.0945184561813461,-0.335075405512091,0.685762298255615,0,0,0.0368124289608585,0,0,0,-59.1347441993228,0.0115205757104207
"97",0.010546875,-1.28410127974442,0.0896211916946224,0.335069323251409,0.919952751772655,0,0,0.0389753660889771,0,0,0,-56.2821915011165,0.0194944683912096
"98",0.160546875,-0.912339040413919,0.0237177805089391,-0.429639768764052,0.913918833793356,0,0,-0.0334848399211545,0,0,0,-54.6348280381828,0.00723965261351663
"99",0.235546875,0.946785260150511,0.0150596653296725,-0.478498529937809,0.767110232983051,0,0,-0.0603886325599775,0,0,0,-64.4901774922679,0.00376817237827326
"100",0.085546875,-0.847836056569122,0.0304249327750033,0.392759440910574,1.06460650742929,0,0,-0.0100278287011915,0,0,0,-47.2858455230442,0.0254653307145645
"101",0.123046875,-0.983138717753224,0.16265380478165,0.389721603651638,0.947247443006638,0,0,-0.0168306137082002,0,0,0,-53.735889541332,0.0119732949930912
"102",0.273046875,-0.942931448241263,0.033488108992652,0.492056377507119,0.726155118378368,0,0,-0.078547191481543,0,0,0,-69.3999716167068,0.00339114493956521
"103",0.198046875,0.945816360349753,0.0465989289224661,-0.444603799386272,0.811971632841009,0,0,-0.0447850587844806,0,0,0,-59.4187971307238,0.0059777143878708
"104",0.048046875,1.32617736498386,0.109077665774405,0.335255191032615,0.856766629465739,0,0,0.00706031381836898,0,0,0,-50.4742547510737,0.0205791554336891
"105",0.066796875,1.25948449630395,0.111847197693601,0.306244516883025,0.981066371865632,0,0,0.00614692925112375,0,0,0,-49.1656849138329,0.0241367091380946
"106",0.216796875,-0.859878295780426,0.0355180934142334,0.472877017453275,0.856728475042757,0,0,-0.0581443946623578,0,0,0,-61.920083261057,0.00414949560509864
"107",0.291796875,-0.948218196842714,0.0530865661027942,-0.499780258638843,0.715242104390344,0,0,-0.0913057607034979,0,0,0,-71.9727293127661,0.00326646592896816
"108",0.141796875,0.891148826782117,0.040228291888025,0.418974134556405,0.999881123617266,0,0,-0.0257267925054177,0,0,0,-52.7523168177919,0.0069446157868808
"109",0.104296875,0.813507388264108,0.00560203563221974,-0.404415034245377,1.16263166051177,0,0,-0.0124025390600819,0,0,0,-48.9490323916723,0.00856098140284277
"110",0.254296875,-0.948740100138353,0.0262512499382337,0.486062522281931,0.735645350425162,0,0,-0.0683392432350577,0,0,0,-66.9067046113472,0.00364695844234145
"111",0.179296875,0.931822326617575,0.0488214150092717,0.424727592489807,0.876834301632632,0,0,-0.0303677041272692,0,0,0,-57.6010590636647,0.00662840243985716
"112",0.029296875,-1.22805138197392,0.112289934948861,-0.280575761665154,1.2733271350998,0,0,0.00425252909735269,0,0,0,-52.52004241334,0.0355823820606819
"113",0.019921875,1.15582371539645,0.0898083569802772,0.296303700204258,1.20312681915289,0,0,0.0208812451070732,0,0,0,-53.1907322016012,0.0346487659913762
"114",0.169921875,0.834376602655251,0.030439356082519,-0.451863735227325,0.923333794608477,0,0,-0.0368247652561115,0,0,0,-55.736651355061,0.00571857064941578
"115",0.244921875,-0.957962931349413,0.0552794583828954,-0.466406261453166,0.74519845516845,0,0,-0.065918525934216,0,0,0,-65.6786127620648,0.00472889595791526
"116",0.094921875,1.01929336595277,0.142768827143576,0.337373866278231,1.0165635380882,0,0,-0.00728662180599119,0,0,0,-49.7882583681204,0.0333934645733876
"117",0.132421875,0.954450496520292,0.0244356218270841,-0.415407998902858,0.962912793436055,0,0,-0.016503899168151,0,0,0,-52.2166990660146,0.00678754981603093
"118",0.282421875,0.953897810163113,0.0562996754868611,-0.502760304109403,0.715668742211303,0,0,-0.0834662726634705,0,0,0,-70.7998115597912,0.00298667592470212
"119",0.207421875,-0.87748565674536,0.0170789743340409,-0.461055299240367,0.831333283524881,0,0,-0.0446122105431229,0,0,0,-60.5412383804297,0.00469736937441572
"120",0.057421875,-0.709237203726325,0.0168174857096547,-0.397918655910536,1.27511643066179,0,0,8.03689747159987e-05,0,0,0,-46.2011050968841,0.0244638856957044
"121",0.038671875,1.10811408214993,0.114230683938275,-0.338391884610073,1.02691818491086,0,0,0.0175678589568863,0,0,0,-49.5587031315083,0.0270135625039602
"122",0.188671875,-0.890960924470756,-0.00620573398518004,0.447676829502432,0.849582137736776,0,0,-0.0372603838899024,0,0,0,-58.2891122352024,0.00586314149645919
"123",0.263671875,0.974673134181366,0.0476543531273064,0.480945083228449,0.728224538778688,0,0,-0.0779581080870454,0,0,0,-68.1862448456636,0.00394927552523323
"124",0.113671875,-0.930783310582697,0.0112840599301391,0.411169065394476,0.950154373623787,0,0,-0.0096191631825927,0,0,0,-49.8341771763283,0.00990959867762663
"125",0.076171875,-1.22528311605201,0.0968783567481157,0.318439419909638,1.04047912295267,0,0,-0.00549975371604792,0,0,0,-49.8159461631294,0.0183956687176906
"126",0.226171875,-0.908869513492897,0.0641942218948703,-0.468335171811635,0.772219442925742,0,0,-0.0522269235112597,0,0,0,-63.3606077153339,0.0045905617722535
"127",0.151171875,0.882128136738692,0.00539806790845338,0.433477428454248,0.961940345040751,0,0,-0.0296322194512429,0,0,0,-53.6506348076278,0.00631508336587092
"128",0.001171875,-1.0248376142762,0.0989694418036312,-0.313546103329133,1.39729461931587,0,0,0.0344146083321055,0,0,0,-56.6067805630299,0.0199127700153399
"129",0.0017578125,-1.22929656255856,0.104211372111887,-0.332142029094656,0.866014944721432,0,0,0.0501847320819899,0,0,0,-57.8935357009098,0.0403515994127611
"130",0.1517578125,0.888910799999668,0.0346634819136246,-0.426406202659661,0.899687463330654,0,0,-0.0240808283905286,0,0,0,-53.4945308175934,0.00845677535979727
"131",0.2267578125,-0.888826757623666,0.0269090414403917,0.467086549597201,0.816999744186951,0,0,-0.0603048102178064,0,0,0,-63.101600499033,0.004655842510538
"132",0.0767578125,-1.08160774267917,0.137929967030308,0.309968365046831,1.16336272926138,0,0,-0.00263784526887332,0,0,0,-49.0530725986136,0.0271579643931232
"133",0.1142578125,0.82805360825582,0.0178958152525589,-0.394215514238076,1.10313160173089,0,0,-0.0124992838398875,0,0,0,-49.9278891762204,0.0113576322539401
"134",0.2642578125,0.943672653678821,0.0319352082292436,0.481169708661778,0.732606255190251,0,0,-0.0834013362145127,0,0,0,-68.3816761995972,0.00469695654839484
"135",0.1892578125,-0.864852683305807,0.00149809173524646,-0.444165104529545,0.854026150201235,0,0,-0.0430738823713383,0,0,0,-58.4662374179289,0.00748835039245012
"136",0.0392578125,1.31341355094136,0.101188714906778,-0.311626774488662,1.0144389097858,0,0,0.0144450897354128,0,0,0,-51.1457069838707,0.0174421152002851
"137",0.0580078125,0.791849937361237,0.00114655998107369,0.39108002348825,1.23732854032859,0,0,-0.001174171981407,0,0,0,-45.4998302301429,0.0206286977859329
"138",0.2080078125,0.900338076572429,0.0341494856785644,0.451544899379735,0.839795897539337,0,0,-0.0503794349450046,0,0,0,-60.5665870124502,0.00536248517185507
"139",0.2830078125,0.920776401585379,0.0320703784336604,-0.489897477904513,0.731982176546259,0,0,-0.0865882462215963,0,0,0,-70.8516750023818,0.00369235471367615
"140",0.1330078125,0.820287034203771,0.0343282624181446,0.429055285371448,0.972970975185795,0,0,-0.0209795266043812,0,0,0,-51.2977217153927,0.00962566790324018
"141",0.0955078125,1.26196041624935,0.1440870073622,0.327505227596453,0.847975990149217,0,0,-0.00620825978591649,0,0,0,-50.7698145819644,0.0243968382894835
"142",0.2455078125,0.966782187552913,0.0273999648518516,-0.465533054318448,0.742401654324078,0,0,-0.0667158936287074,0,0,0,-65.7722053884956,0.0047173839076905
"143",0.1705078125,0.855383799881956,0.0388366158470141,-0.446293592670997,0.892580270795339,0,0,-0.0355075356343514,0,0,0,-55.7711910203978,0.00643240959404028
"144",0.0205078125,1.23608186666389,0.0953054673710013,0.3090577630471,1.15342423421176,0,0,0.0178021470494083,0,0,0,-53.557437175591,0.0192801845212716
"145",0.0298828125,1.39640753050832,0.111018932664234,0.304537983987945,0.935673840733477,0,0,0.00980624994934626,0,0,0,-52.8179399479428,0.0270007872064897
"146",0.1798828125,0.909203643747501,0.0334000365825618,-0.438037337251822,0.820068042680849,0,0,-0.0358533836895837,0,0,0,-57.1274007996402,0.00796021279514556
"147",0.2548828125,0.933968066483568,0.0360513735209531,0.483888874622971,0.738282178928082,0,0,-0.0756406506315671,0,0,0,-67.0194825951445,0.00429713517266144
"148",0.1048828125,1.17172090270244,0.102420025814528,-0.331042793507001,0.884027021549895,0,0,-0.000911849509666083,0,0,0,-51.725970385526,0.0238818928521693
"149",0.1423828125,0.948701733310537,0.0178547308604804,-0.421036550832209,0.937080665714623,0,0,-0.0235157515161551,0,0,0,-53.0502460255787,0.00698880413617715
"150",0.2923828125,-0.984048148459664,0.0478641094239135,-0.496391598168784,0.709505844552428,0,0,-0.0977586387143907,0,0,0,-72.1646981198623,0.00351586415574263
"151",0.2173828125,-0.946354055657845,0.0547589051878981,-0.452729622260119,0.794194527027826,0,0,-0.054185282122458,0,0,0,-61.9724668345393,0.00532300509127732
"152",0.0673828125,0.942488041208488,0.0319194890380983,0.36873926751452,1.22950105945286,0,0,-0.00191531906741169,0,0,0,-48.7492787248026,0.0109227360475783
"153",0.0486328125,-1.11614415248007,0.10195890691215,-0.29754344556854,1.20939116416813,0,0,0.00563131705517572,0,0,0,-48.3019320510582,0.0354555996012958
"154",0.1986328125,0.882312794589126,0.0441143368524659,-0.46047097431964,0.888756308000589,0,0,-0.0473313463831823,0,0,0,-59.6570450870402,0.00424528505042691
"155",0.2736328125,0.952296479580185,0.0533048455620769,-0.49291075914128,0.737373060232877,0,0,-0.0832102775127522,0,0,0,-69.5519907480053,0.00336509011539403
"156",0.1236328125,-0.837885640777734,-0.0118592010674699,-0.412397257672239,1.00551416290846,0,0,-0.0191376177503406,0,0,0,-50.9915832550794,0.0130990866059734
"157",0.0861328125,-1.00285730956147,0.154646045445554,0.354282006467544,1.17442879714383,0,0,-0.0127032658960923,0,0,0,-51.1516554615926,0.0131455986417434
"158",0.2361328125,-0.971181987802248,0.0264515066306448,0.464154177565913,0.746679072551758,0,0,-0.0659888100843239,0,0,0,-64.545397443962,0.0051436135408916
"159",0.1611328125,0.847156509447964,0.0337041116670503,-0.432642249754728,0.929385650988228,0,0,-0.0350658574475145,0,0,0,-54.5252212025028,0.00864412544606023
"160",0.0111328125,-1.04689347232344,0.10727348376793,0.32662051080662,1.38736597500503,0,0,0.0138520614121859,0,0,0,-53.8317645354638,0.0175452302432199
"161",0.0158203125,0.823847487656446,0.10976257138743,-0.325788676387278,1.56739177988552,0,0,0.00429147759337302,0,0,0,-53.8842854048712,0.0523680330283578
"162",0.1658203125,0.879520826977971,0.0107343604179459,0.442974228567535,0.893114460887818,0,0,-0.0249044206712434,0,0,0,-55.284130404915,0.00581532808295368
"163",0.2408203125,-0.903104385258564,0.0619917548185067,0.476703159840468,0.804210511983499,0,0,-0.0686777548070224,0,0,0,-65.1674229875418,0.00396608247771855
"164",0.0908203125,1.41689941864696,0.117541709311649,0.335715067579802,0.67209243762619,0,0,0.00181846549963366,0,0,0,-51.4812127855191,0.0252400160623367
"165",0.1283203125,-0.805953274609197,0.0197452313721373,-0.43729160918471,0.975543963733747,0,0,-0.0116140546238509,0,0,0,-50.9485479312527,0.00772872192900271
"166",0.2783203125,-0.979675048687928,0.0183555269517608,0.48918404787231,0.702197397335825,0,0,-0.0751761065565633,0,0,0,-70.2530489317794,0.00328496124043264
"167",0.2033203125,-0.875265027256982,0.00358612023469728,0.451732837070298,0.88551169674868,0,0,-0.0472383381982943,0,0,0,-60.283723140447,0.00479574908008349
"168",0.0533203125,1.04630987385574,0.139320202327175,0.326491746493445,1.12686437812852,0,0,0.00193257158374146,0,0,0,-47.0424788028723,0.0334596402646386
"169",0.0720703125,1.15712576103071,0.0920476943364981,0.323155840903585,0.945824398759634,0,0,-0.00510464944539919,0,0,0,-48.6166951196059,0.0422227365455697
"170",0.2220703125,-0.904843865371752,0.0333985468095665,-0.456161073888326,0.842185420775095,0,0,-0.0522079954901526,0,0,0,-62.8019648566417,0.0043080366474635
"171",0.2970703125,-1.01034028588724,0.0307214760855361,-0.503161112953999,0.649650149578476,0,0,-0.086351810041279,0,0,0,-72.7779567807285,0.00312897812629969
"172",0.1470703125,-0.877690545883915,0.0612925797014944,-0.43204331867861,0.962918080742991,0,0,-0.024761991772653,0,0,0,-53.5720413059805,0.00632121703501837
"173",0.1095703125,-0.808596477203331,-0.00497383753254783,0.409770951963269,1.10826918095598,0,0,-0.00287839113943049,0,0,0,-49.3229552130827,0.0082220998961855
"174",0.2595703125,-0.969022810639931,0.0379417632379014,0.47489478593286,0.716819611603568,0,0,-0.07324697708129,0,0,0,-67.6296802842399,0.00447276685789985
"175",0.1845703125,-0.9393200520094,0.0228207037010046,0.442346871291226,0.850518040711408,0,0,-0.0425611878436071,0,0,0,-57.7246948660353,0.00602523473995773
"176",0.0345703125,1.42641840663577,0.136057102423038,-0.296617013995075,1.01559853496756,0,0,0.00522563521367738,0,0,0,-54.0525306498745,0.0211176172669613
"177",0.0251953125,-1.39432381321763,0.0857039103136145,0.320327007007673,1.0204695740602,0,0,0.00186787912633485,0,0,0,-57.0138511466115,0.0173521552870545
"178",0.1751953125,0.987364532024762,0.0358943661074451,0.430427420232047,0.848123896552156,0,0,-0.0392320179437219,0,0,0,-56.9394845344781,0.00666661673996401
"179",0.2501953125,0.911909315012761,0.0423141661525873,-0.483777733377001,0.783287369981003,0,0,-0.0702911526427079,0,0,0,-66.3412741681957,0.00358148205262377
"180",0.1001953125,1.26122283183666,0.0938814888701933,0.335458423918281,0.805313666308225,0,0,-0.00652502598585936,0,0,0,-51.2610829242605,0.0248714967252928
"181",0.1376953125,-0.878598977221253,0.0829940573755799,-0.422829992609398,0.920133411007417,0,0,-0.0212838629211962,0,0,0,-52.8045363821775,0.0101866341898129
"182",0.2876953125,0.988339922818857,0.0248081394615961,0.498276512709711,0.687618441712582,0,0,-0.0869553491232379,0,0,0,-71.4621311533742,0.00325929155492337
"183",0.2126953125,0.950094258140167,0.00114633567666605,0.44837920431141,0.821090305705135,0,0,-0.0546322377204636,0,0,0,-61.7456978746642,0.00547855827123324
"184",0.0626953125,-1.1783883158226,0.115088949900418,0.284599829846197,1.46354070372174,0,0,-0.0030399139712833,0,0,0,-53.9468622508811,0.0142368491472957
"185",0.0439453125,0.684666847290658,0.0509281351878632,-0.430263263170615,1.3388873500711,0,0,-0.00438600071031151,0,0,0,-48.8672834186004,0.0126713730430871
"186",0.1939453125,-0.922126283851366,0.0189295855051311,-0.441836703906644,0.821098949184926,0,0,-0.0421508778682052,0,0,0,-58.8129843087799,0.00671767710778225
"187",0.2689453125,1.00246471146031,0.0582830365179563,-0.472022220446407,0.689341708670192,0,0,-0.0745557587695437,0,0,0,-69.1498830254639,0.00436950815723544
"188",0.1189453125,-0.818068067617188,0.00862181586187229,-0.426868620588303,1.01563422796942,0,0,-0.0117064062210472,0,0,0,-49.6518944228705,0.00892229603492873
"189",0.0814453125,1.198880230483,0.130007321584066,0.324456985665689,1.01229053682993,0,0,0.00561204829197196,0,0,0,-50.794633792991,0.0144541499758205
"190",0.2314453125,-0.880810370542793,0.0161018497782075,0.481729834488224,0.774471518870949,0,0,-0.0552379204195519,0,0,0,-63.9686733116433,0.00407750677046329
"191",0.1564453125,-0.908345257350842,0.0231085513018203,0.413268436954799,0.888787183494911,0,0,-0.0320218395453392,0,0,0,-54.3431563779098,0.0120454644713659
"192",0.0064453125,1.73658331577802,0.109332536860119,-0.310258396386688,0.692251420038528,0,0,0.0472258810183235,0,0,0,-60.3378637293172,0.0125075528910753
"193",0.0087890625,1.08589740954125,0.183196498667865,-0.341360039125678,1.12668944299361,0,0,0.0264711152145061,0,0,0,-56.9832588508415,0.0247482170294156
"194",0.1587890625,-0.844496203861031,0.036437947177239,-0.430937181135921,0.924043838213976,0,0,-0.0260282366906651,0,0,0,-54.3945296771024,0.00773904319367424
"195",0.2337890625,0.901503709636737,0.0243871977009438,-0.467540190231309,0.810721967051699,0,0,-0.0576325550716862,0,0,0,-64.1549295288621,0.00403889057797424
"196",0.0837890625,-0.704139077798114,0.0183494048147467,0.423097799358215,1.17047294349402,0,0,-0.00288894122210389,0,0,0,-47.3815708077907,0.0131456195630487
"197",0.1212890625,-0.834895954037643,0.0040535504407151,0.424711640261065,1.00365937437953,0,0,-0.0117659737919504,0,0,0,-49.931656001792,0.00845286888857295
"198",0.2712890625,0.923652802659527,0.0314940197177268,0.489275116637037,0.72230781734652,0,0,-0.0858828645335802,0,0,0,-69.4401669569529,0.00450475602099033
"199",0.1962890625,0.905833017561856,0.0182840286785022,-0.453104712939198,0.843078094606602,0,0,-0.0417518636891159,0,0,0,-59.0713802404777,0.00505912100295496
"200",0.0462890625,-1.55486222489501,0.155444606604899,0.286827058624995,0.85202613523515,0,0,0.0160265793700762,0,0,0,-55.6383771493647,0.0188591672230447
"201",0.0650390625,-1.38730608095524,0.106257155946285,0.323313644141042,0.946339608803713,0,0,-0.00192278964293882,0,0,0,-51.2360085766985,0.0127664524127268
"202",0.2150390625,0.928048463615194,0.0268377908563004,-0.4585099370721,0.807977612112099,0,0,-0.0456926604993433,0,0,0,-61.7040496975274,0.00448023532530429
"203",0.2900390625,0.979775673194904,0.0412491770069579,-0.498131797823467,0.691621423033812,0,0,-0.100066848056045,0,0,0,-72.0186243998487,0.00402048334704298
"204",0.1400390625,0.962923320218641,0.0701772459525326,-0.409945191324837,0.96222254976091,0,0,-0.0172638840957814,0,0,0,-53.9476130594327,0.00662197100163442
"205",0.1025390625,-0.889655265331343,0.0252342607823159,0.388390713660404,0.954672070389666,0,0,-0.00246197001075278,0,0,0,-49.2323664064814,0.0236289171793181
"206",0.2525390625,-0.94590164578202,0.0444413408115725,-0.485691639532117,0.742961890376326,0,0,-0.0720916308572497,0,0,0,-66.6841078985764,0.00386282962635143
"207",0.1775390625,0.891314975756011,0.0396785586082911,-0.423401331730618,0.904819204039001,0,0,-0.0416488384254026,0,0,0,-56.8339499138269,0.00859783936953374
"208",0.0275390625,1.2414424992922,0.0990237514674255,0.342471780496993,1.0051341800875,0,0,0.00952352143120471,0,0,0,-53.1600420388449,0.0173448898076495
"209",0.0369140625,1.13582341460283,0.100808474829905,-0.290991121222855,1.38147041883775,0,0,0.00200234593278287,0,0,0,-50.2568843503716,0.025568338015339
"210",0.1869140625,-0.889615301887298,0.0533640879407909,-0.45253358636864,0.917199670349611,0,0,-0.0392674163497958,0,0,0,-58.5982642910919,0.00429866164313487
"211",0.2619140625,-0.930832421716828,0.0191256651219322,-0.494566716091251,0.747088103097625,0,0,-0.0756317726645413,0,0,0,-68.0276186684828,0.00339006579388981
"212",0.1119140625,-0.862197319090342,0.0503533557631658,0.398375650196134,0.971156799432394,0,0,-0.00261959729081022,0,0,0,-50.2901698612202,0.0162381119627606
"213",0.1494140625,0.924481708688375,0.0166851173893995,0.429889410167687,0.877646355093283,0,0,-0.0236371360883127,0,0,0,-53.4712295652502,0.00775552328972259
"214",0.2994140625,-1.00249002088414,-0.0111394468123363,-0.507258779452891,0.653886353178035,0,0,-0.0901192981649836,0,0,0,-73.3800115048555,0.00319326639750241
"215",0.2244140625,-0.944690904767276,0.0389743976106002,-0.462001676454376,0.811640136193729,0,0,-0.0609139407915118,0,0,0,-62.9542025610343,0.00449283758857537
"216",0.0744140625,1.24106571621974,0.117551661008334,-0.32492614565125,1.04217158555864,0,0,4.04794216372798e-05,0,0,0,-49.8788663717783,0.0130801931723032
"217",0.0556640625,1.33429907580514,0.0996663723845279,0.280061830231268,1.11613561165187,0,0,-0.00123810915639579,0,0,0,-51.0589953366601,0.0264358254781067
"218",0.2056640625,-0.962360465718287,0.0271804509205673,0.441745981640682,0.820708103063405,0,0,-0.0523199768181941,0,0,0,-60.586294901901,0.00600644985439295
"219",0.2806640625,0.980584032915941,0.073748789014322,-0.489788128750925,0.698973292447507,0,0,-0.0930959794078147,0,0,0,-70.6678182535355,0.00415702183139073
"220",0.1306640625,0.832604868417717,0.0306110202379262,0.415235644396848,1.02355176876697,0,0,-0.0206761121992255,0,0,0,-51.0271242145406,0.00930536033612478
"221",0.0931640625,-1.04424731931252,0.0982143732744652,-0.344999021562207,1.05885921999752,0,0,-0.000614815069424142,0,0,0,-50.033336697992,0.0161914634054576
"222",0.2431640625,-0.947677621606206,0.0550853852283891,0.474383591478059,0.738368340542811,0,0,-0.0633604398051429,0,0,0,-65.4481236729118,0.00428145245595025
"223",0.1681640625,0.850965060537688,0.0032677174409641,0.446580499161775,0.958588920321582,0,0,-0.0330474968650653,0,0,0,-55.7341876020143,0.00493378137269255
"224",0.0181640625,-0.996440956727224,0.12497010366383,-0.317362940113803,1.37018808908637,0,0,0.00675661633032663,0,0,0,-51.6191738141673,0.0351898071479244
"225",0.0134765625,-1.11952673568724,0.127063767106586,0.337024815736966,1.40834969330945,0,0,0.0155572257698604,0,0,0,-56.4594784417657,0.00937667411862116
"226",0.1634765625,-0.883861959529107,0.0380513598837955,-0.433084035290179,0.872276464294052,0,0,-0.0333289484421001,0,0,0,-54.9422156521495,0.00893845743269286
"227",0.2384765625,0.917286637190529,0.0314241437196929,0.47331178045608,0.776926364327646,0,0,-0.0604592647875083,0,0,0,-64.6884055414348,0.00417807282494208
"228",0.0884765625,-1.05483490306092,0.114532915801626,-0.365832156696189,1.12522400598285,0,0,-0.00435259264540121,0,0,0,-50.9550018765888,0.0086444481038285
"229",0.1259765625,0.828319668131955,0.00953877905050744,0.428734941544463,0.991777436206547,0,0,-0.019813378143597,0,0,0,-50.5328495306396,0.0094649776670862
"230",0.2759765625,0.936453468900675,0.0283500021646653,-0.488769110580943,0.732139642709765,0,0,-0.0866956358257746,0,0,0,-69.8995905479258,0.00396827628623615
"231",0.2009765625,-0.881411300731995,0.0266705317647751,0.451390154680268,0.862964919015367,0,0,-0.0503157541914667,0,0,0,-59.6332084860258,0.00575307826161633
"232",0.0509765625,1.13434274175321,0.112778031053704,-0.332003496265903,1.15247000793999,0,0,-0.0051064540629944,0,0,0,-49.3973970361972,0.0180706276756196
"233",0.0697265625,1.10337835150172,0.101375097095274,0.33820056699262,1.07895600715324,0,0,-0.00296812948051215,0,0,0,-47.8478766870277,0.0180436892607298
"234",0.2197265625,-0.935643964255371,0.0296455276142946,0.471556028714235,0.756167821645057,0,0,-0.0551635824688522,0,0,0,-62.435233286067,0.00495581666645805
"235",0.2947265625,-0.999693994557485,0.0549424836176194,-0.491328123453583,0.686656235778419,0,0,-0.0919181057768947,0,0,0,-72.4236783453256,0.00345566883679356
"236",0.1447265625,0.919096341210593,0.0355272281925028,-0.410826438123833,0.939638910706404,0,0,-0.0255540836318005,0,0,0,-52.8593573050395,0.00934837524072699
"237",0.1072265625,-0.936214369952779,0.114783313147506,0.358536977395749,0.890503750726137,0,0,-0.00620157445597559,0,0,0,-52.4484601925047,0.0786558036859575
"238",0.2572265625,0.938022241962894,0.0500654531280588,0.472260252183872,0.741043526417614,0,0,-0.0696716550478047,0,0,0,-67.3623858309781,0.0043651754381485
"239",0.1822265625,-0.898674592034609,0.0385167182324328,-0.445234216928941,0.851185695091101,0,0,-0.0465377649872159,0,0,0,-57.3538821182371,0.00742290936708806
"240",0.0322265625,1.11680534380296,0.0949984446665907,-0.309055714148051,1.35446485368872,0,0,0.0130354055533843,0,0,0,-51.7081201691092,0.0156575400408093
